# page|x0,y0,x1,y1|year 객/주N  (page image coords ~992x1403; topic resolved later by page+key)
# scanned: 7-18, 21-67, 92-94  | todo: 95-137,141-151,175-194,215-260,307-342,381-423,519-530,573-580,632-643,666-681,746-777,837-840
8|515,168,940,515|2023 객77
21|48,297,470,650|2025 객23
21|514,300,952,548|2025 객24
22|514,514,925,915|2025 객75
23|514,963,812,1275|2023 객28
25|514,395,942,645|2023 객32
26|48,147,401,441|2023 객33
28|514,72,902,383|2022 객33
31|47,86,421,470|2021 객41
33|47,86,475,348|2020 객106
36|514,607,942,868|2019 객51
39|514,236,942,500|2018 객7
43|645,450,805,590|2017 객9
46|212,908,428,970|2016 객7
46|92,1056,432,1276|2016 객7
52|125,645,395,955|2013 객30
52|590,818,865,1118|2013 객31
94|47,838,462,982|2021 객14
96|514,86,918,332|2020 객77
97|514,133,966,392|2019 객49
104|514,1068,953,1230|2012 객28
# 106 2011 객16: 문제에 MRI 있다고 하나 학습지에 사진 없음
110|514,690,955,888|2022 객63
112|514,818,716,1050|2021 객2
113|514,1100,945,1268|2021 객48
115|514,70,863,470|2020 객25
119|160,148,364,382|2017 객26
119|534,382,931,522|2017 객27
122|56,640,465,1068|2016 주19
125|575,70,882,296|2014 객33
128|525,298,930,478|2013 객16
130|514,836,950,1015|2012 객35
# 132 2011 객6: 사진 언급만, 학습지에 사진 없음
133|66,598,456,880|2011 객7
134|128,468,394,775|2011 객8
179|47,255,470,820|2022 객2
179|545,650,942,975|2022 객3
180|52,880,320,1145|2022 객4
181|514,95,940,660|2021 객16
182|60,610,342,835|2021 객17
183|55,430,448,700|2021 객22
184|47,105,452,412|2020 객57
184|514,330,818,590|2020 객91
186|514,88,940,475|2019 객29
187|47,198,440,528|2019 객30
187|514,185,940,505|2019 객31
228|545,462,910,655|2023 객45
230|514,850,852,1150|2022 객13
231|47,818,446,1213|2022 객14
233|514,938,942,1072|2020 객43
234|514,1058,942,1195|2019 객26
235|47,572,362,920|2019 객27
236|85,438,438,845|2018 객12
237|86,517,434,865|2018 주5
381|47,320,373,727|2025 객30|학습지 복원자 메모: 문제 사진은 인터넷에서 찾은 비슷한 사진
381|514,768,942,990|2023 객37
382|47,760,485,910|2023 객38
382|514,572,780,910|2022 객25
383|47,247,450,662|2022 객26
383|518,70,942,233|2022 객46
384|50,535,272,760|2021 객18
384|514,320,944,484|2021 객60
385|47,70,467,296|2020 객13|학습지 복원자 메모: MRI는 강의록에 없어 인터넷 사진
385|514,70,942,882|2020 객17|학습지 복원자 메모: 강의록의 전형적 사진, 실제 시험 사진은 더 희미
386|514,70,942,617|2020 객28
387|47,135,270,453|2020 객40
387|520,85,944,400|2019 객68|학습지 복원자 메모: 수업 중 화면을 찍은 사진
388|103,110,420,507|2019 객69|학습지 복원자 메모: 비슷한 강의록 사진
388|514,85,944,308|2018 주19|학습지 복원자 메모: 수업 화면 촬영
389|47,85,470,265|2018 주20
389|60,1085,452,1216|2018 주21|학습지 복원자 메모: 시험 사진과 비슷한 사진
390|108,70,415,367|2017 주8|학습지 복원자 메모: 강의록의 거의 유사한 사진
391|77,70,447,459|2016 객11
392|549,332,908,707|2015 객3
394|83,463,441,838|2014 객4
400|47,220,477,410|2025 객28
400|514,178,902,588|2025 객29
401|514,196,774,450|2023 객10
402|47,480,300,733|2023 객11|시험지를 찍은 사진(파란 볼펜 선은 무시)
403|47,1040,460,1238|2023 객12
404|514,70,838,397|2022 객42
405|47,820,465,1040|2022 객44
407|47,85,367,393|2021 객13
407|514,235,830,549|2021 객59|과거 야마 사진(원 문제 사진과 다름)
408|514,85,870,430|2020 객73
409|47,85,474,508|2020 객74|학습지 복원자 메모: 원 문제의 CT·MRI 대신 비슷한 사진
410|85,132,442,487|2019 객65
410|514,85,900,476|2019 객66
411|47,185,436,572|2019 객67
411|514,110,946,544|2018 객50
412|553,215,907,582|2018 주17
414|118,748,404,1068|2017 객49
415|110,145,412,383|2017 주13
416|626,672,832,904|2016 객41|학습지 복원자 메모: 과거 야마 사진(시험 사진과 유사)
417|105,218,415,458|2016 주31
418|118,72,404,392|2015 객49
418|514,835,946,1165|2015 주22
419|548,440,908,743|2014 주70
307|47,1012,477,1318|2023 객13
307|507,70,946,310|2023 객13
312|514,85,944,408|2018 주9
522|47,455,477,753|2019 객22
637|47,285,427,567|2021 객44
637|514,235,942,563|2020 객60
638|47,775,482,992|2019 객78
639|47,208,477,440|2018 객51
639|518,88,935,303|2018 객52
640|47,622,477,852|2016 객12
641|536,95,920,300|2015 객8|학습지 복원자 메모: 14년도 사진 사용(시험 사진은 강의록에 없음)
641|536,1075,920,1280|2014 객21
669|55,300,408,657|2021 객57
669|514,905,934,1307|2020 객9|학습지 복원자 메모: 순서·사진이 정확하지 않은 비교 영상
670|47,70,467,258|2020 객9
670|528,96,773,328|2020 객109|학습지 복원자 메모: 구글에서 찾은 비슷한 사진
671|623,577,833,835|2017 객8
666|47,146,330,433|2025 객19
666|514,72,942,832|2023 객17|학습지에서 ①② 사진은 복원되지 않음
667|47,196,386,530|2023 객18
668|47,72,373,403|2022 객35
668|514,72,750,337|2022 객36
672|546,70,911,500|2017 객9
673|94,70,430,405|2017 객10
673|566,70,890,412|2016 객18
674|47,120,475,402|2016 객19|수업 화면을 찍은 사진
674|620,75,838,300|2015 객14
675|80,72,444,357|2015 객20
676|68,722,454,978|2014 객12|시험지를 찍은 사진
677|626,357,830,590|2013 객23
837|50,173,222,592|2025 객46
837|514,910,782,1208|2023 객53
838|514,568,802,1266|2022 객49
839|514,372,938,642|2021 객31
840|47,275,347,690|2020 객36
